64
51
62
3
36
30
41
32
9
41
5
4
90
43
84
34
32
1
34
5
41
26
48
15
28
70
28
5
6
78
84
16
16
71
9
1
64
68
87
55
96
87
68
21
57
39
26
46
2
94
23
65
55
89
89
38
4
48
73
64
2
36
26
30
56
87
87
19
35
83
69
63
13
77
7
52
57
28
57
88
44
81
3
11
56
20
60
25
81
70
96
16
93
23
54
60
62
38
63
68
50
7
12
18
26
58
52
77
82
37
80
75
90
84
21
20
33
15
72
36
28
62
37
63
86
53
68
89
24
45
89
19
63
87
38
37
69
84
84
96
67
81
41
44
89
21
25
10
3
34
28
48
65
28
41
87
69
47
30
71
89
62
53
38
46
61
13
4
46
82
50
47
29
75
68
45
21
91
73
65
28
58
87
88
18
42
53
35
46
50
67
22
55
13
8
6
29
4
96
29
9
22
63
19
83
79
19
88
59
95
66
76
73
63
44
31
73
64
20
5
8
76
56
94
16
28
91
16
67
63
17
17
93
45
56
7
94
68
6
37
23
64
75
50
83
89
47
90
68
76
31
63
82
92
22
32
64
68
4
55
87
4
22
94
79
49
82
28
7
37
35
6
58
81
80
43
1
6
11
26
79
1
46
90
32
52
34
1
24
25
41
26
64
49
49
20
42
79
70
35
7
20
84
31
41
25
5
1
13
78
32
59
57
77
74
86
56
31
62
28
16
81
5
81
95
9
40
10
33
61
1
20
35
75
19
60
16
16
49
8
47
33
87
45
91
81
68
86
74
62
62
12
18
43
19
25
15
3
35
32
84
94
67
50
77
12
24
81
59
14
71
41
80
55
79
81
92
59
88
15
40
53
34
69
97
87
3
91
56
92
45
14
79
18
22
51
64
37
66
80
57
86
27
60
89
21
31
61
62
37
31
55
13
20
90
31
60
96
52
88
10
32
25
65
67
58
60
62
33
29
18
55
91
9
56
53
27
73
79
77
57
41
30
20
62
89
1
59
26
90
89
67
84
76
70
26
61
60
91
32
59
67
28
33
20
74
63
4
63
38
5
86
18
74
32
67
3
6
4
77
57
1
36
42
38
50
69
15
38
31
91
65
80
47
18
88
14
95
1
86
26
96
95
87
86
4
49
11
45
3
24
56
57
15
74
58
32
84
94
69
6
48
65
33
46
38
6
70
56
42
54
6
6
17
51
59
5
47
54
35
1
58
69
35
7
35
9
66
72
58
57
28
2
31
80
77
32
63
42
48
96
78
54
3
48
18
50
40
62
15
54
83
31
59
68
46
77
31
26
11
30
38
97
97
84
27
5
74
35
73
28
40
6
7
37
22
5
67
85
87
84
67
5
57
4
73
96
41
61
35
98
1
37
32
18
58
80
55
17
22
14
75
5
88
85
14
77
24
22
47
41
11
44
37
26
62
34
40
94
12
29
63
13
1
73
28
4
72
87
78
41
49
50
64
74
9
62
16
71
88
94
72
19
15
93
88
56
98
7
55
25
40
59
6
91
49
63
5
15
58
11
6
36
43
7
90
59
78
62
17
98
19
68
6
17
56
44
97
6
84
70
4
66
32
54
1
88
45
72
25
45
57
1
13
77
88
36
75
9
3
29
76
37
88
56
6
71
53
87
35
6
64
97
29
86
8
38
5
88
6
3
15
7
37
71
41
18
55
28
27
20
68
89
4
56
92
66
76
75
48
29
35
56
37
20
79
59
70
25
70
51
32
85
3
1
14
70
1
18
15
86
16
26
61
16
36
74
94
72
92
41
60
29
41
76
66
57
68
17
91
81
47
31
56
75
87
82
86
4
42
23
65
59
60
60
13
10
94
22
83
5
63
97
31
30
89
4
45
25
33
56
2
82
26
32
40
83
68
84
27
53
86
90
30
70
74
2
67
79
63
57
61
47
33
86
18
49
98
27
84
84
38
62
69
85
21
82
34
28
20
28
40
11
93
30
17
72
67
60
54
87
35
64
61
75
93
54
50
38
14
90
84
42
98
42
16
25
21
43
49
90
67
39
59
35
18
51
52
3
69
45
80
39
71
95
49
72
2
93
91
66
33
94
14
29
43
96
11
51
15
91
51
24
11
63
21
94
5
26
58
42
2
47
68
68
11
45
69
4
92
42
24
27
51
82
58
71
25
31
91
20
41
1
86
77
93
56
29
9
75
53
67
74
36
49
64
84
26
45
19
96
28
8
58
71
67
24
72
27
5
48
70
73
34
38
2
1
59
90
73